94.0
40.5
95.0
89.0
64.0
65.5
84.0
72.0
80.5
90.0
68.0
52.5
80.5
93.0
50.5
69.0
64.0
95.5
60.0
91.0
80.0
96.5
83.5
66.5
72.0
83.5
94.5
77.0
82.0
96.5
82.5
89.0
86.0
80.0
83.5
83.5
63.0
66.5
90.0
78.5
99.0
79.0
74.0
79.5
85.0
94.0
81.5
73.0
71.0
75.5
92.0
72.5
63.5
68.5
96.0
86.5
52.5
48.0
51.0
67.0
96.5
67.5
87.5
90.0
75.0
81.5
58.0
80.5
79.0
88.0
95.5
82.5
70.0
77.0
89.5
61.5
51.0
70.5
70.0
60.5
71.5
63.5
76.0
67.5
71.0
62.5
68.5
82.0
67.5
78.0
79.0
90.0
85.5
79.5
76.0
77.0
73.5
99.5
62.0
91.5
51.0
67.0
70.0
68.5
84.0
78.0
61.5
71.0
84.0
93.0
68.0
49.0
52.5
80.0
61.0
86.5
68.0
77.5
70.0
77.5
76.5
87.5
79.5
77.5
92.0
78.0
53.0
84.5
82.5
66.5
90.5
42.5
76.0
67.0
56.0
87.0
65.0
90.5
93.0
75.5
93.0
56.5
97.5
77.5
66.5
85.0
76.5
63.5
54.5
62.0
64.0
65.0
72.0
69.0
95.5
81.5
73.5
93.5
80.5
88.5
61.5
76.0
83.5
79.0
61.5
70.0
64.0
85.5
65.5
96.0
57.0
66.5
94.0
69.5
58.5
82.0
86.0
83.5
52.5
71.0
91.5
77.5
71.0
80.5
75.0
87.0
69.5
70.0
76.0
88.5
91.0
76.0
90.5
79.5
61.0
86.5
92.0
84.0
85.0
93.0
71.0
82.0
84.0
62.0
83.5
68.5
83.5
76.5
88.5
71.5
71.0
77.0
78.0
61.5
90.0
86.0
60.0
62.0
75.0
55.0
77.0
73.0
44.5
75.0
79.0
45.5
81.0
82.5
94.5
86.5
71.0
70.0
91.5
86.0
91.5
91.5
78.0
84.0
83.0
78.0
87.5
73.5
95.5
92.5
87.5
32.5
80.0
88.0
81.5
85.5
90.0
70.5
58.0
64.0
60.5
88.5
61.5
72.5
98.0
82.5
74.5
74.5
88.0
99.0
64.5
83.0
85.5
85.0
79.5
99.0
82.0
90.0
76.0
93.5
91.5
75.0
84.5
52.0
58.0
71.0
73.0
89.0
39.5
47.5
89.0
58.0
73.0
83.0
96.0
51.5
85.0
78.0
65.0
68.0
87.5
69.5
86.0
49.0
64.0
88.5
82.0
91.5
79.0
82.5
80.5
56.5
87.5
99.5
56.0
85.5
92.0
93.0
46.0
87.0
78.5
80.5
96.5
78.0
96.0
97.0
74.0
78.5
94.5
65.5
43.5
82.5
92.0
92.0
70.5
88.5
69.5
82.0
66.0
66.5
76.5
64.5
92.0
79.5
79.0
98.0
45.5
61.5
65.5
64.0
83.5
75.0
85.0
87.0
65.0
58.0
87.0
63.5
95.0
76.0
81.5
80.5
73.5
95.0
73.5
72.0
79.5
52.5
83.5
69.5
43.5
80.5
78.0
74.0
77.0
93.5
69.0
74.5
97.5
92.0
99.0
84.0
51.5
58.0
61.0
69.5
77.0
78.5
81.0
52.0
63.5
73.5
96.5
93.5
59.0
44.5
98.5
59.5
94.5
70.5
87.0
81.5
73.0
64.0
86.0
97.0
82.5
82.5
83.0
89.5
92.0
91.0
92.0
73.5
88.5
78.0
78.0
91.0
66.0
82.0
59.5
78.5
75.0
80.0
94.0
93.5
83.5
60.0
75.0
78.0
84.5
58.0
90.0
74.0
57.0
66.0
64.5
71.5
93.0
62.5
81.0
77.5
73.5
61.0
82.5
92.5
45.5
88.0
82.5
81.0
72.0
78.0
66.0
59.5
75.0
82.5
85.5
87.5
81.5
76.0
76.0
76.0
63.5
76.0
79.0
42.5
96.5
89.5
77.5
72.5
83.0
82.5
64.0
72.0
86.5
64.5
95.5
91.5
87.5
68.5
47.5
76.0
68.0
90.0
59.5
60.5
69.0
78.0
88.0
83.0
67.5
75.5
83.0
81.0
73.5
78.0
87.0
86.0
45.5
94.5
60.0
99.0
76.0
82.5
39.5
81.0
85.5
80.0
93.0
99.0
82.0
87.5
64.5
99.0
81.5
68.0
67.0
71.0
82.5
88.5
73.5
79.5
58.5
66.5
88.5
72.0
81.5
73.5
81.0
86.5
87.0
86.5
82.0
74.5
86.0
87.0
65.0
45.5
90.5
49.0
83.5
59.0
78.5
56.0
87.5
82.0
92.5
81.0
92.0
80.5
79.0
40.5
89.5
79.0
77.0
63.0
81.0
74.5
96.0
81.5
87.0
80.5
76.0
90.5
85.5
55.5
94.0
74.5
78.0
97.0
82.5
68.5
78.5
94.0
93.0
78.5
70.0
63.0
77.0
78.5
52.5
76.5
61.0
84.0
90.0
78.0
71.5
76.5
70.0
89.0
75.0
69.0
72.0
79.0
85.0
70.5
89.0
76.0
93.0
62.5
89.0
91.5
84.0
86.5
58.5
74.5
79.0
89.0
77.5
80.5
69.0
82.5
60.0
76.0
76.0
70.5
69.0
68.0
79.5
80.0
76.0
95.0
70.0
75.5
85.5
79.5
73.5
80.0
76.0
69.5
77.5
93.5
97.5
87.0
55.0
80.0
86.0
89.5
74.0
86.5
92.5
66.5
85.5
68.5
78.0
68.5
60.0
94.5
69.5
77.5
51.0
82.5
76.0
85.5
56.0
77.5
46.0
94.5
85.5
94.5
90.5
63.5
77.5
65.5
96.5
73.0
74.0
96.0
89.5
59.0
98.0
81.5
71.5
83.0
84.5
87.0
76.0
89.0
80.0
64.0
79.0
86.5
75.0
70.5
51.5
92.5
97.5
87.0
71.0
85.0
67.0
78.0
80.5
62.0
93.5
88.0
79.5
64.0
53.0
77.0
56.5
73.0
81.5
71.0
64.0
48.5
89.0
84.5
79.5
72.5
81.5
54.0
86.5
54.5
68.0
79.5
62.0
71.0
83.5
83.5
94.0
75.5
73.5
82.0
52.0
77.5
71.0
62.5
72.0
78.5
64.0
80.5
91.5
84.5
64.0
73.0
71.0
60.0
75.0
56.0
68.5
62.0
66.5
43.5
77.5
97.0
76.0
79.0
93.5
93.5
78.5
77.0
63.0
57.0
92.0
67.0
70.0
99.0
85.5
72.5
72.5
82.0
75.5
68.0
90.5
70.5
61.5
72.5
88.0
87.5
76.0
87.5
76.5
67.0
88.5
88.5
51.5
72.0
90.0
84.0
78.0
64.0
84.0
93.0
82.5
85.0
61.0
50.5
85.0
31.5
59.5
62.5
93.5
95.5
72.0
95.0
98.0
58.0
53.5
98.0
99.0
67.0
71.0
70.0
96.0
65.5
65.0
95.5
77.0
85.0
80.0
79.0
73.0
94.5
67.5
65.0
99.5
98.0
83.5
77.5
85.5
85.0
84.5
53.5
85.5
72.0
86.0
91.5
83.5
70.5
88.5
82.0
58.5
82.0
80.5
74.0
72.5
87.5
40.5
65.5
60.5
54.0
72.5
83.5
93.5
89.5
53.0
87.0
56.0
94.5
64.0
85.5
94.5
36.0
85.5
55.0
88.5
85.5
88.5
70.5
83.5
72.5
79.0
81.5
87.5
93.5
99.0
82.0
83.0
79.5
61.5
70.0
78.5
86.0
72.0
69.5
87.0
99.5
58.0
80.5
71.5
80.5
89.0
95.0
77.5
83.5
71.5
78.0
71.5
88.0
73.0
90.5
88.0
45.0
61.5
45.5
74.5
77.5
63.5
68.0
81.0
79.5
64.0
38.0
80.0
93.5
89.5
85.5
76.0
99.0
46.5
84.0
55.5
92.5
92.5
83.5
97.5
97.0
